RED:0.1802756GREEN-0.1945979BLUE0.09103566ALPHA0.1477273
RED:0.375GREEN0.2795415BLUE0.2795415ALPHA0.366842
